0 20 20
1 20 23
2 26 27
3 33 36
4 40 44
5 38 57
6 28 66
7 29 65
8 34 51
9 38 38
10 48 32
11 56 18
12 64 14
13 69 18
14 77 19
15 84 25
16 100 19
17 121 12
18 139 8
19 161 8
20 168 8
21 193 11
22 218 5
23 241 3
24 279 6
25 321 10
26 380 15
27 416 19
28 468 17
29 522 14
30 576 17
31 603 21
32 641 25
33 667 30
34 690 34
35 711 34
36 737 30
37 737 34
38 738 44
39 745 50
40 769 58
41 782 65
42 797 62
43 797 60
44 798 58
45 784 61
46 780 70
47 708 79
48 660 98
49 606 106
50 561 116
51 499 120
52 439 145
53 382 151
54 338 164
55 291 184
56 263 204
57 250 227
58 226 237
59 195 224
60 162 256
61 139 254
62 132 253
63 128 247
64 124 215
65 119 194
66 107 176
67 118 175
68 132 155
69 133 138
70 136 157
71 140 132
72 152 126
73 171 125
74 196 95
75 196 96
76 210 91
77 227 103
78 219 108
79 224 102
80 238 108
81 260 120
82 278 129
83 294 139
84 327 123
85 358 129
86 394 139
87 393 147
88 393 142
89 397 155
90 407 170
91 385 195
92 391 211
93 358 223
94 314 233
95 275 281
96 226 302
97 199 331
98 174 363
99 149 369
100 131 414
101 110 434
102 107 458
103 84 438
104 75 413
105 72 371
106 76 339
107 88 331
108 85 288
109 87 239
110 97 198
111 92 160
112 103 146
113 127 122
114 128 121
115 135 105
116 143 105
117 158 102
118 175 121
119 188 118
120 201 131
121 216 129
122 230 151
123 226 151
124 240 155
125 248 148
126 273 153
127 267 154
128 274 158
129 278 159
130 275 182
131 283 201
132 266 220
133 252 269
134 238 289
135 235 343
136 205 375
137 182 424
138 164 465
139 135 486
140 104 534
141 88 571
142 80 599
143 70 598
144 60 598
145 49 582
146 48 614
147 42 577
148 28 552
149 24 507
150 29 485
151 32 455
152 40 403
153 30 385
154 30 353
155 29 301
156 25 269
157 28 253
158 31 240
159 33 227
160 31 224
161 34 204
162 36 195
163 37 184
164 45 159
165 53 143
166 48 145
167 39 145
168 40 138
169 44 143
170 43 158
171 47 169
172 51 169
173 60 172
174 67 175
175 64 182
176 63 169
177 71 166
178 77 175
179 91 207
180 101 202
181 116 210
182 122 201
183 144 196
184 166 205
185 175 210
186 178 251
187 179 286
188 175 319
189 164 345
190 145 390
191 146 394
192 117 432
193 97 470
194 86 521
195 79 594
196 58 641
197 49 732
198 40 809
199 31 881
200 16 913
201 6 919
202 5 988
203 4 1033
204 3 1092
205 3 1147
206 4 1112
207 5 1059
208 6 999
209 6 971
210 9 844
211 7 814
212 6 748
213 7 714
214 6 669
215 8 583
216 7 501
217 7 418
218 5 344
219 4 322
220 3 279
221 4 240
222 4 213
223 1 188
224 2 162
225 3 127
226 3 138
227 3 129
228 5 123
229 7 106
230 6 95
231 6 74
232 5 74
233 6 64
234 8 57
235 10 58
236 12 47
237 12 52
238 14 52
239 17 50
240 22 55
241 21 62
242 20 66
243 18 73
244 18 74
245 19 80
246 23 91
247 26 107
248 23 118
249 27 133
250 31 155
251 32 178
252 36 188
253 45 206
254 52 214
255 60 225
256 57 237
257 62 259
258 67 288
259 66 310
260 61 345
261 58 369
262 52 372
263 57 367
264 61 394
265 61 443
266 62 475
267 58 525
268 58 582
269 67 645
270 70 709
271 64 769
272 71 819
273 66 893
274 63 911
275 55 975
276 53 1105
277 47 1177
278 49 1257
279 43 1394
280 33 1502
281 22 1565
282 14 1558
283 9 1641
284 5 1688
285 8 1658
286 11 1668
287 3 1686
288 0 1689
289 0 1683
290 0 1647
291 0 1559
292 0 1493
293 0 1485
294 0 1421
295 0 1407
296 0 1365
297 0 1292
298 0 1169
299 0 1091
300 0 987
301 0 837
302 0 734
303 0 611
304 0 496
305 0 421
306 0 384
307 0 340
308 0 294
309 0 277
310 0 250
311 0 218
312 0 204
313 0 184
314 0 136
315 0 120
316 0 106
317 0 110
318 0 68
319 0 56
320 0 41
321 0 36
322 0 31
323 0 25
324 0 20
325 0 17
326 0 10
327 0 6
328 0 6
329 0 5
330 0 7
331 0 2
